2.053824369999998734e+00 1.440683676999999108e+01 2.027948984999995830e+01 2.420094729999993088e+00 1.275361399999999534e+00 3.026604649999998120e+00 4.817157469999995278e+00 1.548346233999996713e+01 5.769457799999989867e+00 4.096536789999994710e+00 3.782365129999992082e+00 1.768900759999995298e+00 7.147148045999989563e+01 6.087743056999989477e+01 2.830516512999994916e+01 2.875625533999995298e+01 8.792649899999979368e+00 2.934888428999993693e+01 1.073962930999998200e+01 1.028906442099997491e+02 1.277180315999998328e+01 6.619245149999992250e+00 1.735771496999995023e+01 7.385511390999980108e+01 8.744022769999983069e+00 1.646077080999997833e+01 3.379055837999996470e+01 9.967534389999986644e+00 8.224393949999983633e+00 1.268541630999997594e+01 9.640551889999986912e+00 2.165631102999995505e+01 3.389642974999996028e+01 3.089513169999996034e+00 9.641555299999984285e+00 1.247587917999998375e+01 2.788462809999995073e+00 1.341876109999997624e+01 6.091535499999998216e-01 2.209887160999996070e+01 8.391566469999981237e+00 1.141720006999995718e+01 6.664956399999993897e-01 6.591095599999985843e+00 7.395727289999981302e+00 1.231862739999999068e+00 1.916225089999997522e+00 3.263645609999993979e+00 3.597207819999997014e+01 4.070071259999994417e+00 3.852091529999995156e+00 3.985659549999998497e+00 2.609951009999986749e+00 3.054759469999993371e+00 8.876966909999968181e+00 8.139501599999979797e-01 3.211628639999993151e+00 8.202410118999986821e+01 1.009539633999998074e+02 1.843230578999997604e+01 9.813191329999984447e+00 2.807651332999994409e+01 3.541942489999994947e+00 2.264027759999998501e+00 3.732870759999995514e+00 3.026990000000000236e-02 1.409094849999997301e+01 6.327057959999986103e+00 1.230368439999998564e+00 1.286662949999998418e+00 2.289035934999998645e+01
1.440683676999999108e+01 1.590908129999998977e+00 9.033110119999991028e+00 8.784915100000001420e-01 2.828133329999998669e+00 2.833338089999998033e+00 1.271328413999999363e+01 8.401529099999986983e+00 6.121991839999988194e+00 1.139481759999997301e+01 3.910910399999995235e+00 5.101608360000232878e+00 3.840688604999996869e+01 1.578840284999997401e+01 2.228265664999996432e+01 2.465964953999994691e+01 9.820241579999986925e+00 1.829206054999998088e+01 1.606476702999997386e+01 5.704130109999989884e+01 5.811118589999992423e+00 1.414962747999997816e+01 2.962062789999992773e+01 5.149810025999988738e+01 2.530272991999995824e+01 1.451199843999997441e+01 6.259029970999986858e+01 7.289996139999987079e+00 2.424734329999995719e+00 7.219316619999993634e+00 4.104124319999994164e+00 1.293437979999997545e+01 1.445992692999999107e+01 7.682600089999983339e+00 1.824766654999996973e+01 1.870659712999999158e+01 2.183287059999996949e+00 7.560377869999988398e+00 2.277754389999997020e+00 1.284071721999997528e+01 3.183097013000006115e+01 3.620013709999998053e+00 4.265213609999993771e+00 7.308069739999991654e+00 3.987148189999994319e+00 1.987850149999998317e+00 1.168699859999998925e+00 3.447583029999996995e+00 2.719182287999998593e+01 5.327660049999992431e+00 6.831205549999971538e+00 4.765524949999987214e+00 7.902906800000000231e-01 2.473952419999994934e+00 4.539888799999989288e+00 7.109137919999973576e+00 9.353957399999971445e-01 8.164896591999988118e+01 7.709717282999987731e+01 1.145232355999998575e+01 8.959751899999995217e+00 2.232066026999998343e+01 1.770746385999997585e+01 1.008397806999998814e+01 4.123444359999992592e+00 2.504270800000000241e-01 3.595824939999999081e+00 5.049095579999987926e+00 1.509090769999996695e+00 1.606239319999998472e+00 1.127043873999997636e+01
2.027948984999995830e+01 9.033110119999991028e+00 2.149174089999997150e+00 9.488681899999993341e-01 1.357129830000000759e+00 2.739377979999999990e+00 8.028414559999994538e+00 5.376348069999991708e+00 5.460189139999994445e+00 3.606105139999998599e+00 3.108774769999997023e+00 1.067597069999998594e+00 1.093287305299998167e+02 3.316560515999992020e+01 1.439794726999998531e+01 2.806905060999993040e+01 7.981527339999987980e+00 1.206168992999998757e+01 1.602296493999998006e+01 8.405029948999978728e+01 1.862965257999996638e+01 1.397982508999996476e+01 1.531986131999996736e+01 1.538423858899997185e+02 5.634599029999994180e+00 3.061683289999993729e+00 1.844593346999997152e+01 3.608874759999996407e+00 3.629042609999990621e+00 1.644267496999997036e+01 3.666166959999996866e+00 1.614995146999993736e+01 3.652962913999994043e+01 6.306144169999984506e+00 1.222596728999998561e+01 1.445087738999997207e+01 2.232839049999999492e+00 9.774494149999988224e+00 3.548498949999991936e+00 5.576936159999991816e+00 1.002325681999997897e+01 9.463366469999980879e+00 4.207680449999992689e+00 6.300999174999982699e+01 4.026919039999993011e+00 1.927829269999995709e+00 1.092999490000000185e+00 6.053876639999992371e+00 4.591720053999995343e+01 3.050961669999999071e+00 5.013049059999989510e+00 6.978137160000056127e+00 2.092643739999993979e+00 6.970504149999985799e+00 1.372066047999996563e+01 1.243716819999997281e+00 4.766248429999974334e+00 5.922950460999985722e+01 8.838988747999984241e+01 2.029064226999995668e+01 2.035926519999996387e+01 2.965244245999992856e+01 3.455970819999992560e+00 4.237187589999993342e+00 3.605680839999992227e+00 4.050134499999998861e-01 1.988136772999995117e+01 2.001427969999995948e+00 2.773425449999993742e+00 8.243799199999998217e-01 9.840621659999980508e+00
2.420094729999993088e+00 8.784915100000001420e-01 9.488681899999993341e-01 3.607847999999996169e+00 1.046412420999999249e+01 2.225419197999997323e+01 6.387310519999997105e+00 2.833161119999996203e+00 2.375661409999998419e+00 2.804508629999999503e+00 2.455131639999995397e+00 2.476684599999996739e-01 2.921817148999995695e+01 4.352807099999990825e+00 1.128989003999997998e+01 3.138746363999994315e+01 7.091170589999991059e+00 2.205715859999994422e+00 1.062070942999998913e+01 4.167276603999991380e+01 3.052993625999994975e+01 1.039307471999997468e+01 4.393029469999999215e+00 1.926611071999996128e+01 0.000000000000000000e+00 2.970989499999994177e-01 9.440523729999991787e+00 1.880235599999999785e-01 1.465782800000000052e-01 3.291849729999994256e+00 1.172502819999999613e+00 9.976780359999995795e+00 1.894988913999997493e+01 5.429024799999991879e-01 1.681615939999998144e+00 4.171362699999995982e+00 5.860010517999988622e+01 8.503037649999990677e+00 2.716713899999992687e+00 3.848489319999994773e+00 5.246327339999986350e+00 7.573050625999982799e+01 4.363034829999993036e+00 1.947623829999997280e+00 3.131309849999995620e+00 1.782045259999998743e+00 4.224235799999999097e-01 2.376295049999997744e+00 1.971699992999997519e+01 1.815353049999996582e+00 3.053287719999998817e+00 4.040046599999997934e-01 1.352733400000000474e-01 2.028316699999999917e-01 2.300066159999988091e+00 1.396725000000000050e-02 3.569684599999995989e-01 1.781744079999996844e+00 6.926932429999985708e+00 4.098642174999991994e+01 4.796658535999992523e+01 4.052286035999992464e+01 1.516974119999997761e+00 1.754548239999999204e+00 1.700925000000000353e-01 1.704499900000000234e-01 3.303062989999993704e+00 4.634994599999999187e-01 9.080878499999971432e-01 1.178313729999997062e+00 8.457590810000004566e+00
1.275361399999999534e+00 2.828133329999998669e+00 1.357129830000000759e+00 1.046412420999999249e+01 1.495131200000000105e+00 9.691163359999990234e+00 1.303678958999999082e+01 2.508433439999997905e+00 4.296910199999992130e+00 1.212768873999998931e+01 2.537883075999993920e+01 1.523305949999998354e+00 2.654638125999995069e+01 4.867953729999995538e+00 1.992317590999998345e+01 2.801510286999995714e+01 5.583319079999997214e+00 4.775467879999990117e+00 2.546433203999997374e+01 4.392138085999994246e+01 3.201060164999994839e+01 1.270069203999997853e+01 2.507586253999995662e+01 6.650317241999982798e+01 4.883913000000000143e-02 4.600577200000001143e-01 1.892198899999993689e+00 2.715421999999999975e-02 1.389892629999998963e+00 4.820441809999994831e+00 4.350986700000000762e-01 4.860954629999991283e+00 1.566509673999997609e+01 3.107127089999997427e+00 2.812464559999996894e+00 3.187895349999997574e+00 2.538377459999995267e+01 1.463237465999998221e+01 7.649949369999989202e+00 4.732768509999993434e+00 1.140565717999998796e+01 4.227869020999994376e+01 1.762653016999999878e+01 5.566667290000006041e+00 2.972298779999991591e+00 9.540524209999976080e+00 2.790565209999997354e+00 2.736667159999998322e+00 2.612700480999997410e+01 4.010803669999992493e+00 4.736583969999995425e+00 2.188848349999999332e+00 2.201817560000000285e+00 2.438680599999995202e+00 1.654439879999999308e+00 1.317034679999995017e+00 2.131209400000000087e-01 3.993167519999984982e+00 7.967961369999985166e+00 6.267430818999987707e+01 5.599403202999991436e+01 3.727080344999993144e+01 6.898510779999990739e+00 7.401382189999980987e+00 4.844540289999986982e+00 2.466764000000000734e-01 9.419369399999981241e+00 2.299730919999999124e+00 2.117985419999994345e+00 1.774420299999994288e+00 1.180160319999997398e+01
3.026604649999998120e+00 2.833338089999998033e+00 2.739377979999999990e+00 2.225419197999997323e+01 9.691163359999990234e+00 5.104042309999997862e+00 2.907978439999997278e+01 2.353004080000001164e+00 1.516443297999999018e+01 3.468609558999992259e+01 1.118219397999998321e+01 2.216064200000002204e-01 1.862787865999997194e+01 6.352156719999989321e+00 1.776897332999998014e+01 1.977207770999998004e+01 7.779253309999988097e+00 3.566695119999998997e+00 2.353125476999996124e+01 4.774154910999992296e+01 2.738303245999995994e+01 9.871809049999987096e+00 3.416967887999994957e+01 3.123074401999992489e+01 1.584941800000000678e-01 8.015959999999999058e-03 6.760146149999993526e+00 1.953515389999996854e+00 0.000000000000000000e+00 2.774279569999993811e+00 9.810928549999971438e+00 1.193244517999997889e+01 8.650582766999987427e+01 1.030693909999999880e+00 3.959763559999994520e+00 5.929533409999996785e+00 2.167099136999994613e+01 1.944015634999997388e+01 6.309282319999989674e+00 4.146271019999994145e+00 2.698783824999994607e+01 6.212215173999990014e+01 1.458872283999997066e+01 1.030690445999997884e+01 7.840722429999986254e+00 6.071890369999992210e+00 2.085135416999995428e+01 2.126633996999996867e+01 2.680478277999997516e+01 1.053546993999998982e+01 6.518565071999988447e+01 6.063565499999993946e+00 8.942992199999982850e-01 5.662668709999992167e+00 1.926636159999998377e+00 8.896874199999996735e-01 6.803800899999998819e-01 5.662339389999990757e+00 1.276177301999996416e+01 1.073436264999998713e+01 1.844167231999997369e+01 1.436849023999998742e+01 2.215260872999997588e+01 3.774299222999995607e+01 7.036388716999988446e+01 1.043730569999998004e+01 8.675065539999987863e+00 8.778050469999984173e+00 1.586419189999997759e+00 2.103779819999987755e+00 1.690777485999995733e+01
4.817157469999995278e+00 1.271328413999999363e+01 8.028414559999994538e+00 6.387310519999997105e+00 1.303678958999999082e+01 2.907978439999997278e+01 6.747210329999999701e+00 7.021880119999988068e+00 1.151263457999998785e+01 5.626436220999993054e+01 2.181179559999997153e+01 1.179706969999996469e+00 3.008646955999996564e+01 9.311456419999981193e+00 7.171445066999993401e+01 4.318381175999994070e+01 2.466451875999994314e+01 2.275756708999995936e+01 5.430524320999992938e+01 8.407988334999987501e+01 5.287803228999992200e+01 2.654609933999995519e+01 7.616857436999991648e+01 1.309037058699996408e+02 3.017911059999999868e+00 3.867783349999992293e+00 1.257927989999999063e+01 9.900319079999976069e+00 1.107677659999996456e+00 5.271687929999991695e+00 1.084767450000000188e+00 1.254545501999997725e+01 2.949563746999997349e+01 1.039217750999998202e+01 1.612463773999998651e+01 3.466484901999994150e+01 2.096501052999994741e+01 4.152819003999994152e+01 8.127571929999993117e+00 1.910128498999997504e+01 1.486051377599997636e+02 5.333453659999993590e+01 5.389977896999990747e+01 9.939723119999992917e+00 1.106581892999998828e+01 7.770661389999990121e+00 8.479549429999980958e+00 2.976936696999995036e+01 6.859399807999992049e+01 1.767373958999998251e+01 2.160135817999997343e+01 1.622863101999997326e+01 2.333465129999996890e+00 2.790920069999997200e+00 6.419672079999991787e+00 0.000000000000000000e+00 1.229612669999998964e+00 1.881708738999997266e+01 4.828029932999993434e+01 3.664322180999995737e+01 7.104863351999989618e+01 6.494437116999989712e+01 8.906255354999984775e+01 8.360478307999989056e+01 3.090612394999995871e+01 5.320744769999996571e+00 1.094198720999998642e+01 1.373969810999998131e+01 1.261706989999998196e+00 3.876618819999993804e+00 2.990663695999995753e+01
1.548346233999996713e+01 8.401529099999986983e+00 5.376348069999991708e+00 2.833161119999996203e+00 2.508433439999997905e+00 2.353004080000001164e+00 7.021880119999988068e+00 5.065689839999990340e+00 1.195924889999998264e+01 1.243005395999997376e+01 6.383863869999982121e+00 3.369582009999987360e+00 1.992321676999997493e+01 1.466835921999997794e+01 1.578698321999998377e+01 1.834927497999997570e+01 9.695145149999978784e+00 1.487762597999997283e+01 9.671362339999978630e+00 8.685461478999980045e+01 1.147911824999997599e+01 1.722565703999996600e+01 3.176921942999994641e+01 5.278912718999992393e+01 1.546175609999998146e+00 5.525487049999992628e+00 6.917048399999995212e+00 6.239422049999991948e+00 6.848027099999978162e-01 7.135441269999991398e+00 3.499757519999994848e+00 8.426823139999983781e+00 2.395246391999998536e+01 2.230085059999999508e+00 6.453524489999991509e+00 2.147744183999996892e+01 1.748821419999998517e+00 7.039385819999993466e+00 1.932341629999998922e+00 9.760173699999986852e+00 4.384263379999993937e+00 8.256782159999989545e+00 2.882281569999998627e+00 6.799665349999991726e+00 1.351496305999998171e+01 5.865211600000000969e-01 9.885305699999975548e-01 1.156460404999998204e+01 4.190608852999994838e+01 2.520699306999996026e+01 2.599977593999997083e+01 8.997782599999987196e-01 5.689464449999991125e+00 1.650098273999996934e+01 3.252811169999991137e+01 2.613792699999993641e+00 7.756196199999968455e-01 4.127159518999992116e+01 4.615428121999991617e+01 1.148181436999998262e+01 1.138107993999997980e+01 2.600072837999994491e+01 7.463191359999994390e+00 7.767091669999986792e+00 3.660507779999996991e+00 2.911547599999996239e-01 1.004191470999998614e+01 4.758936365999991835e+01 1.565606769999996040e+00 1.565482710000000166e+00 2.289342650000001456e+01
5.769457799999989867e+00 6.121991839999988194e+00 5.460189139999994445e+00 2.375661409999998419e+00 4.296910199999992130e+00 1.516443297999999018e+01 1.151263457999998785e+01 1.195924889999998264e+01 2.604716193999997031e+01 9.323887049999989074e+00 9.472153389999983020e+00 9.486766419999980826e+00 3.456141865999994423e+01 2.311771781999998154e+01 1.681923441999997593e+01 4.337350761999993409e+01 1.268121661999998295e+01 7.342514299999993277e+00 3.035563787999995000e+01 8.157259518999983072e+01 2.664688427999996634e+01 2.284474193999996317e+01 5.507272824999991201e+01 9.479086507999981848e+01 0.000000000000000000e+00 3.022260329999992390e+00 1.679266688999996759e+01 6.508248119999992198e+00 5.072639589999991649e+00 3.889571389999995521e+00 8.245838609999980306e+00 1.539216196999997344e+01 1.799129504299996825e+02 3.181586269999997274e+00 1.329516356999997839e+01 1.664236067999998880e+01 8.205785029999983493e+00 3.104966868999992258e+01 2.380971119999998553e+00 9.177569409999984273e+00 1.280215490999997741e+01 2.123546223999997551e+01 1.036693755999997890e+01 1.455129980999995531e+01 1.531028563999997161e+01 4.690009289999985675e+00 6.404622439999990036e+00 9.193274939999987794e+00 4.818372973999994713e+01 1.249203087999998196e+01 2.229401562099995999e+02 7.227176639999991714e+00 9.008236349999979353e+00 4.527648109999995008e+00 6.850797719999988544e+00 2.827130999999995176e+00 7.844242279999973810e+00 1.051966254999998540e+01 2.699020355999995502e+01 5.772804292999990139e+01 5.306221578999989674e+01 6.335816747999989929e+01 7.215964849999988928e+01 7.543904482999985817e+01 4.128923181999995506e+01 1.179539919999999187e+00 1.990137097999995675e+01 2.154992033999995726e+01 1.787709249999997585e+00 3.370167669999998505e+00 4.096765262999994661e+01
4.096536789999994710e+00 1.139481759999997301e+01 3.606105139999998599e+00 2.804508629999999503e+00 1.212768873999998931e+01 3.468609558999992259e+01 5.626436220999993054e+01 1.243005395999997376e+01 9.323887049999989074e+00 3.889482039999997198e+00 3.049451905999996271e+01 7.482071219999975042e+00 7.920729529999995577e+00 1.127339879999999850e+00 3.079451258999996099e+01 1.924180258999996695e+01 1.304129808999998019e+01 5.629593989999995607e+00 4.275599793999992926e+01 2.933499603999996452e+01 3.416336532999994091e+01 3.043236399999995001e+01 7.109552485999989813e+01 3.928042165999991653e+01 6.966468099999985064e-01 0.000000000000000000e+00 1.479547479999995030e+00 0.000000000000000000e+00 7.036434000000002520e-02 4.455366929999994952e+00 3.110942300000000271e-01 2.323164469999996928e+00 3.409737409999995528e+00 1.425760412999996163e+01 9.680183989999989080e+00 6.434705459999996435e+00 7.820520029999990186e+00 2.516074873999998118e+01 1.420977218999997227e+01 7.603627349999993790e+00 7.944613840999987531e+01 3.587783282999995293e+01 4.809542349999991728e+01 3.475739399999997481e+00 4.968098269999996042e+00 9.199639559999987171e+00 4.972629229999991907e+00 3.303448025999993831e+01 5.327981320999992931e+01 8.499218429999991997e+00 1.047180273999999933e+01 1.349107616999996928e+01 1.403323339999997366e+00 8.816338809999985315e+00 3.754822989999989868e+00 4.813644729999976946e+00 4.583392000000000716e-02 9.061034300000001540e-01 1.568816459999999635e+00 2.483328949999996382e+01 2.463338912999997277e+01 5.555342018999991183e+01 9.827072374999980298e+01 8.021965088999984062e+01 1.174351207999997726e+01 2.468587819999996658e+00 1.438977865999998151e+01 6.365544049999984466e+00 1.057308679999998668e+00 7.356503999999985943e-01 2.000337688999994867e+01
3.782365129999992082e+00 3.910910399999995235e+00 3.108774769999997023e+00 2.455131639999995397e+00 2.537883075999993920e+01 1.118219397999998321e+01 2.181179559999997153e+01 6.383863869999982121e+00 9.472153389999983020e+00 3.049451905999996271e+01 4.469073569999992834e+00 1.683110299999995396e+00 5.857060149999995247e+00 7.778171600000000074e-01 2.507541034999997009e+01 2.624614880999995137e+01 8.404386609999992430e+00 7.375032489999995278e+00 2.728744072999997883e+01 2.640939163999998129e+01 1.656353895999998116e+01 2.691297528999994881e+01 6.040808060999993501e+01 4.645564817999991192e+01 3.811499999999999784e-03 4.119422400000001816e-01 8.431761899999994370e-01 0.000000000000000000e+00 0.000000000000000000e+00 1.440904699999998817e+00 3.256414899999995338e-01 1.928553049999998992e+00 7.915805500000001604e-01 2.994411279999993347e+00 1.724680078999997690e+01 6.426901069999996885e+00 4.080209369999994173e+00 1.713018726999997199e+01 9.689657709999993429e+00 5.797367749999993158e+00 3.401129278999996330e+01 2.879111612999996339e+01 2.192679449999995711e+01 4.863502149999995972e+00 7.647064969999993522e+00 4.706305239999991841e+00 2.539095048999994475e+01 2.034481233999996874e+01 3.040162645999998858e+01 1.301732502999997010e+01 2.066102203999997755e+01 8.461250139999982878e+00 2.190097629999996354e+00 3.485743089999990829e+00 3.632191449999998767e+00 0.000000000000000000e+00 9.942576999999982457e-01 5.636234000000001076e-02 2.969479559999992357e+00 9.407256259999982717e+00 1.997765174999996063e+01 6.683605229999993291e+00 7.646698966999986169e+01 6.218266503999991812e+01 4.145247809999994359e+01 3.930409539999997204e+00 5.192533089999992413e+00 1.162735995999997307e+01 7.529277299999993511e-01 1.125604799999999905e-01 1.874502462999997832e+01
1.768900759999995298e+00 5.101608360000232878e+00 1.067597069999998594e+00 2.476684599999996739e-01 1.523305949999998354e+00 2.216064200000002204e-01 1.179706969999996469e+00 3.369582009999987360e+00 9.486766419999980826e+00 7.482071219999975042e+00 1.683110299999995396e+00 3.196777949999995538e+00 1.179064379999999579e+00 1.099309300000001627e-01 5.553233499999989942e-01 4.708776200000001078e-01 0.000000000000000000e+00 1.602190663999996545e+01 4.335374899999996368e-01 6.275997435999985896e+01 1.170260869999999009e+00 2.013648292999997125e+01 7.518060884999985660e+01 1.232256983999997715e+02 5.701933099999989540e-01 0.000000000000000000e+00 6.195914099999990654e-01 0.000000000000000000e+00 1.125894339999995886e+00 0.000000000000000000e+00 0.000000000000000000e+00 5.582282699999993048e-01 8.439749999999999336e-03 3.242655399999996302e+00 0.000000000000000000e+00 5.251302169999995328e+00 0.000000000000000000e+00 2.575763769999992903e+00 0.000000000000000000e+00 1.439069147999997966e+01 0.000000000000000000e+00 4.391056249999998329e+00 2.580446999999995938e+00 2.391614521999996157e+01 4.602428859999994515e+00 1.345225399999999960e-01 2.361771579999994763e+00 8.464806999999998638e-01 6.923416752999987978e+01 2.616599619999998794e+00 2.072158965999999936e+01 9.890880959999982736e+00 5.270728409999991371e+00 3.093576989999999860e+00 1.343732374999997958e+01 3.803241311999995844e+01 6.120086409999984056e+01 3.114422699999998545e-01 2.240270509999990889e+00 0.000000000000000000e+00 0.000000000000000000e+00 0.000000000000000000e+00 4.137508600000001646e-01 0.000000000000000000e+00 2.732982099999999304e-01 0.000000000000000000e+00 1.361116081199997154e+02 3.591930479999993508e+01 4.837548418999986666e+01 5.385525534999985098e+01 8.940695574999976714e+01
7.147148045999989563e+01 3.840688604999996869e+01 1.093287305299998167e+02 2.921817148999995695e+01 2.654638125999995069e+01 1.862787865999997194e+01 3.008646955999996564e+01 1.992321676999997493e+01 3.456141865999994423e+01 7.920729529999995577e+00 5.857060149999995247e+00 1.179064379999999579e+00 5.504028490999986190e+01 6.448723443999992355e+01 8.088991897999990499e+01 2.285694856399995842e+02 7.340810157999982266e+01 5.131732836999992742e+01 6.276123968999991121e+01 2.129139824799995040e+02 4.258041107999993358e+01 5.575422499999987025e+01 4.815192373999985165e+01 3.043693454899992616e+02 3.640026793999992805e+01 1.639753916999998751e+01 3.894431291999994471e+01 3.282705397999993124e+01 2.166884798999995709e+01 3.666347501999994307e+01 3.403718867999992881e+01 6.443067288999989728e+01 2.860187225299995362e+02 1.753219175999995727e+01 2.812392219999995291e+01 5.094644773999993959e+01 3.553425648999993314e+01 5.252884892999990285e+01 1.656413001999993995e+01 1.964794379999996821e+01 3.295966107999997519e+01 3.228487493999995195e+01 3.431921290000001346e+00 5.666296107999988863e+01 1.839358346999997096e+01 6.081024000000002927e-02 5.424325099999990352e-01 8.895690029999977710e+00 3.359049290399993311e+02 5.687576099999989587e+00 1.838928569999998652e+00 2.590319919999993115e+00 1.848707788999993085e+01 7.218825459999987260e+00 2.935633599999998844e-01 0.000000000000000000e+00 0.000000000000000000e+00 1.941577863299996238e+02 4.067291085199991016e+02 9.901871615999982623e+01 8.783459646999983761e+01 1.359286616099997218e+02 8.741557849999985308e+00 1.017903901999999228e+01 1.222166460999997639e+01 3.477727169999992096e+00 1.915129343999996792e+01 9.333107629999981114e+00 3.088214069999994926e+00 7.590332789999973961e+00 7.206204651999985344e+01
6.087743056999989477e+01 1.578840284999997401e+01 3.316560515999992020e+01 4.352807099999990825e+00 4.867953729999995538e+00 6.352156719999989321e+00 9.311456419999981193e+00 1.466835921999997794e+01 2.311771781999998154e+01 1.127339879999999850e+00 7.778171600000000074e-01 1.099309300000001627e-01 6.448723443999992355e+01 6.075940609999992859e+00 2.161104304999998860e+01 3.898369646999994131e+01 6.742124149999988880e+00 1.991865873999997305e+01 2.731002995999995164e+01 6.577901541999987955e+01 1.768845709999996529e+01 1.740519704999995554e+01 1.240503620000003693e+01 6.745197852999986310e+01 1.006632286999997916e+01 8.453332089999992860e+00 1.395840350999999302e+01 1.815650780999996527e+01 7.770794669999991022e+00 6.473107719999986465e+00 2.512763869999994526e+01 3.171078965999993926e+01 2.402094346899996538e+02 2.756424449999997250e+00 4.281169307999988405e+01 1.811346198999998336e+01 8.590141649999969431e+00 1.167530631999998114e+01 5.672793409999988157e+00 8.804884199999985839e+00 5.378457059999994350e+00 1.609217064999996083e+01 5.550592400000001758e-01 9.418061148999973398e+01 7.135434079999983581e+00 1.108306800000000286e-01 6.261749999999999955e-03 8.780880699999987771e-01 3.338739114999995650e+01 1.831673029999997482e+00 0.000000000000000000e+00 7.630934999999999802e-02 5.449129999999993146e-01 7.968505199999973421e-01 0.000000000000000000e+00 0.000000000000000000e+00 0.000000000000000000e+00 5.370712759999989316e+01 5.057973309999991329e+01 1.914636916999997851e+01 1.881271187999996286e+01 5.063076714999990457e+01 2.453103439999996471e+00 2.326774400000000131e-01 2.172942579999996848e+00 1.276551600000001008e-01 6.832549879999986864e+00 3.762054989999982002e+00 1.764518200000002812e+00 9.566049899999985451e-01 1.468704902999997053e+01
2.830516512999994916e+01 2.228265664999996432e+01 1.439794726999998531e+01 1.128989003999997998e+01 1.992317590999998345e+01 1.776897332999998014e+01 7.171445066999993401e+01 1.578698321999998377e+01 1.681923441999997593e+01 3.079451258999996099e+01 2.507541034999997009e+01 5.553233499999989942e-01 8.088991897999990499e+01 2.161104304999998860e+01 1.228689970999999304e+01 1.069298460999998497e+02 2.842664906999996433e+01 2.515948665999996336e+01 6.829002309999991382e+01 7.671289014999987899e+01 3.131468335999997521e+01 1.350734756999999675e+01 4.348810687999996105e+01 1.145283421099997696e+02 9.145233649999994441e+00 6.058710619999995828e+00 1.617298659999998023e+01 1.011442003999998995e+01 4.913234719999996614e+00 2.261343534999996052e+01 1.106096765999998510e+01 1.328568037999998630e+01 3.583771140999997584e+01 6.064113539999999247e+00 4.810830207999985220e+01 1.739231316999999066e+01 2.174936007999997045e+01 2.841196379999997390e+01 1.632672403999997002e+01 2.543398419000004296e+01 8.485919184999983145e+01 2.390133012999999096e+01 1.249153355999998993e+01 2.355512935999995960e+01 1.152904694999998725e+01 2.023705579999999227e+00 2.940541949999998295e+00 1.009207547999998766e+01 6.678766705999996134e+01 9.674662789999979751e+00 1.326043320000000136e+00 6.260196139999990805e+00 9.075727999999988471e-01 1.383761429999997628e+00 8.090466599999992514e-01 0.000000000000000000e+00 0.000000000000000000e+00 5.294301184999990539e+01 6.930788355999990813e+01 8.557321227999986490e+01 1.295404431599997963e+02 1.778117237499997714e+02 1.731416299999998643e+01 9.159814549999982347e+00 9.507828729999973305e+00 6.734938700000000500e-01 5.913346670000001026e+00 3.199082399999997328e+00 5.527117900000001471e-01 7.046217399999984421e-01 2.189063941999996388e+01
2.875625533999995298e+01 2.465964953999994691e+01 2.806905060999993040e+01 3.138746363999994315e+01 2.801510286999995714e+01 1.977207770999998004e+01 4.318381175999994070e+01 1.834927497999997570e+01 4.337350761999993409e+01 1.924180258999996695e+01 2.624614880999995137e+01 4.708776200000001078e-01 2.285694856399995842e+02 3.898369646999994131e+01 1.069298460999998497e+02 2.131135924999995268e+01 1.321132231199997022e+02 4.163411160000001843e+01 2.580484502499995187e+02 2.292231273899995472e+02 6.432149567999989870e+01 4.046430861999994022e+01 1.682138650299996527e+02 1.815706382999996151e+02 1.107565964999998087e+01 7.115519999999996514e+00 1.805138567999997434e+01 1.366451161999996344e+01 6.265208369999987426e+00 3.827302904999993416e+01 1.298816156999997773e+01 2.599148684999996561e+01 8.280216722999993806e+01 1.585139421999996756e+01 2.207972928999996753e+01 2.681808512999996452e+01 3.661500768999992772e+01 4.494861453999991596e+01 3.255485163999995279e+01 2.349500501000001407e+01 3.338947638999995604e+01 6.144429937999989733e+01 1.773070037999998050e+01 2.267696100999994258e+01 1.279112282999998484e+01 5.867703159999994256e+00 2.095129964999993888e+01 2.050790838999995813e+01 1.125691086999998731e+02 1.577931299999997350e+01 6.423341000999988637e+01 9.635313009999986633e+00 1.083027317999995986e+01 3.081631019999997445e+00 1.074703879999999501e+00 0.000000000000000000e+00 0.000000000000000000e+00 6.620045788999988190e+01 8.519982293000001050e+01 8.229372984999986329e+01 1.919242743399997266e+02 1.497864308799997559e+02 5.770257058999989397e+01 3.644891534999993610e+01 4.424913576999990283e+01 8.551105219999987739e+00 2.471060240999995727e+01 1.163706425999997229e+01 5.734268569999989573e+00 6.072851769999976668e+00 1.006575177899997584e+02
8.792649899999979368e+00 9.820241579999986925e+00 7.981527339999987980e+00 7.091170589999991059e+00 5.583319079999997214e+00 7.779253309999988097e+00 2.466451875999994314e+01 9.695145149999978784e+00 1.268121661999998295e+01 1.304129808999998019e+01 8.404386609999992430e+00 0.000000000000000000e+00 7.340810157999982266e+01 6.742124149999988880e+00 2.842664906999996433e+01 1.321132231199997022e+02 9.476921899999970478e-01 5.605127429999994249e+00 2.113799238999996177e+01 3.773415541999994360e+01 2.249377748999996385e+01 9.604905919999993102e+00 5.910535096999989690e+01 3.898672932999991758e+01 2.797471329999997813e+00 2.646943129999998590e+00 5.541031119999993315e+00 4.589913569999990450e+00 9.529568800000000062e-01 1.565632625999995753e+01 4.225516519999995779e+00 6.094061279999992919e+00 2.084137261999998358e+01 5.875849729999989890e+00 9.095122679999983362e+00 8.919023379999989842e+00 1.389528585999998000e+01 2.232072557999999063e+01 1.090046909999998448e+01 5.036409219999993248e+00 2.224894685999995403e+01 1.879418773999996972e+01 4.054030109999997578e+00 9.068289539999978999e+00 6.328074929999991660e+00 4.660133000000002412e-01 7.903383359999977209e+00 4.248250079999998263e+00 4.807941840999992422e+01 4.036564939999996326e+00 1.372411697999998026e+01 9.717164639999968045e+00 6.644353299999997686e-01 1.012237849999996220e+00 5.664443799999959728e-01 0.000000000000000000e+00 0.000000000000000000e+00 2.134031336999996142e+01 2.217154541999996553e+01 3.075765141999994157e+01 7.219660694999984685e+01 4.583231933999991270e+01 4.028728775999991996e+01 2.566749214999994422e+01 9.921549299999989913e+00 2.011673499999998338e+00 1.006301557999997875e+01 6.408948809999983176e+00 2.060427249999993826e+00 1.413917130000000633e+00 3.245259005999999857e+01
2.934888428999993693e+01 1.829206054999998088e+01 1.206168992999998757e+01 2.205715859999994422e+00 4.775467879999990117e+00 3.566695119999998997e+00 2.275756708999995936e+01 1.487762597999997283e+01 7.342514299999993277e+00 5.629593989999995607e+00 7.375032489999995278e+00 1.602190663999996545e+01 5.131732836999992742e+01 1.991865873999997305e+01 2.515948665999996336e+01 4.163411160000001843e+01 5.605127429999994249e+00 7.380196559999988359e+00 1.158964470999997332e+01 1.397403214399998035e+02 1.783647837999996710e+01 3.936993945999994082e+01 5.243286319999994305e+01 1.435176630399996895e+02 2.470410439999997010e+01 1.107501511999998201e+01 1.494774637999998923e+01 7.193995089999993375e+00 5.384610909999995698e+00 7.010757629999996965e+00 7.779185069999984492e+00 1.851217145999997271e+01 1.341276913999999110e+01 1.270052924999997934e+01 8.919801709999983785e+00 2.001459459999998103e+01 2.600603419999997001e+00 1.494988876999997984e+01 1.200308009999999426e+00 2.892040106999994720e+01 3.645063579999995085e+00 1.283648241999997630e+01 3.207900499999995603e+00 3.919864816999995583e+01 4.171852486999993914e+01 7.692049919999978336e+00 2.944895959999993096e+00 1.474461287999996273e+01 7.873336654999985740e+01 1.374019166999998554e+01 3.315961826999996731e+01 5.576943949999989769e+00 3.408004691999992275e+01 2.753238591000014424e+01 2.663913969999994080e+01 9.582612199999988034e-01 2.610886409999995994e+00 1.552814107299996635e+02 9.422496156999982020e+01 1.010419498999998211e+01 9.282515149999991166e+00 1.732105270999996804e+01 1.227520706999998801e+01 4.285901329999997067e+00 9.721898859999983600e+00 1.846025729999998921e+00 2.468684450999996827e+01 5.258624066999993119e+01 2.063540350000000689e+00 2.426437049999996542e+00 2.880949614999996200e+01
1.073962930999998200e+01 1.606476702999997386e+01 1.602296493999998006e+01 1.062070942999998913e+01 2.546433203999997374e+01 2.353125476999996124e+01 5.430524320999992938e+01 9.671362339999978630e+00 3.035563787999995000e+01 4.275599793999992926e+01 2.728744072999997883e+01 4.335374899999996368e-01 6.276123968999991121e+01 2.731002995999995164e+01 6.829002309999991382e+01 2.580484502499995187e+02 2.113799238999996177e+01 1.158964470999997332e+01 1.685452919999996624e+01 6.194771252999988320e+01 5.943775970999990932e+01 3.002607143999995998e+01 9.707247378999986154e+01 5.660200419999993926e+01 3.773780309999984262e+00 1.412613709999999578e+00 5.579627409999993404e+00 5.475408939999985236e+00 3.367340229999995938e+00 2.890092191999993787e+01 3.828376249999997150e+00 1.302792929999997718e+01 5.241600787999995958e+01 4.422774269999994345e+00 1.104492914999998554e+01 1.373314006999998504e+01 2.445104895999996231e+01 3.444116931999994335e+01 4.056421098999992125e+01 5.873142929999993100e+00 7.826906019999981368e+01 4.518095815999993903e+01 1.864292123999998907e+01 1.273502729999997385e+01 6.401669499999998791e+00 1.147797695999997636e+01 4.127145479999997590e+00 1.500389084999997280e+01 8.080110438999989242e+01 1.585251069999995366e+01 3.100801159999996415e+01 5.685557789999993616e+00 1.089824959999999177e+00 1.908646909999995867e+00 2.345064189999995108e+00 0.000000000000000000e+00 0.000000000000000000e+00 1.860330648999996939e+01 3.814030151999991602e+01 8.018882133999983353e+01 1.304283533599997611e+02 1.917266329899995867e+02 9.894262306999981149e+01 9.079484820999979888e+01 2.974784399999995799e+01 6.093365569999997788e+00 1.713745019999996444e+01 3.525500439999997848e+00 2.590909209999990193e+00 2.427937059999997871e+00 4.040376937999990758e+01
1.028906442099997491e+02 5.704130109999989884e+01 8.405029948999978728e+01 4.167276603999991380e+01 4.392138085999994246e+01 4.774154910999992296e+01 8.407988334999987501e+01 8.685461478999980045e+01 8.157259518999983072e+01 2.933499603999996452e+01 2.640939163999998129e+01 6.275997435999985896e+01 2.129139824799995040e+02 6.577901541999987955e+01 7.671289014999987899e+01 2.292231273899995472e+02 3.773415541999994360e+01 1.397403214399998035e+02 6.194771252999988320e+01 6.483695458999991956e+01 9.640917633999984560e+01 1.228645946399997797e+02 2.604897679199996219e+02 3.627490142299993181e+02 2.720975241999993699e+01 2.241407670999996782e+01 1.237421147899997038e+02 5.722524061999986600e+01 1.136334839999997293e+01 4.532778395999989840e+01 3.612664660999993771e+01 8.841664249999978153e+01 1.162012260099998855e+02 2.652251511999995159e+01 2.337042612999997004e+01 5.256223052999995815e+01 4.238726270999991641e+01 5.053838264999993157e+01 3.361609381999991797e+01 5.453497228999991364e+01 5.896273018999993099e+01 7.222850740999987806e+01 2.475144622999997424e+01 6.126569638999989564e+01 9.991273815999983299e+01 2.145134845000000468e+01 1.327625202999998066e+01 3.521623830999993743e+01 2.836797832399995514e+02 5.487025104999990788e+01 9.738702993999990554e+01 1.690684143999997247e+01 2.817055149999993091e+01 3.433087825999992049e+01 3.920491077999994189e+01 1.780180052999996931e+01 5.073140978999987283e+01 9.438342561999985492e+01 1.141415917999997589e+02 7.385707593999984510e+01 1.049861509499998249e+02 1.198110537299997418e+02 4.544358154999994071e+01 4.908650755999991588e+01 7.309598280999985320e+01 9.977017209999985425e+00 1.718956109599996864e+02 4.786225288299989415e+02 2.236841283999995511e+01 2.731437937999994858e+01 3.474757541499993181e+02
1.277180315999998328e+01 5.811118589999992423e+00 1.862965257999996638e+01 3.052993625999994975e+01 3.201060164999994839e+01 2.738303245999995994e+01 5.287803228999992200e+01 1.147911824999997599e+01 2.664688427999996634e+01 3.416336532999994091e+01 1.656353895999998116e+01 1.170260869999999009e+00 4.258041107999993358e+01 1.768845709999996529e+01 3.131468335999997521e+01 6.432149567999989870e+01 2.249377748999996385e+01 1.783647837999996710e+01 5.943775970999990932e+01 9.640917633999984560e+01 7.152125319999993458e+00 3.051062701999995497e+01 6.184485042999990867e+01 6.781331597999988503e+01 2.246310689999993837e+00 1.254884250000000367e+00 7.714639009999981312e+00 2.530096829999997965e+00 2.413404059999998630e+00 6.739297739999992487e+00 6.916607319999984682e+00 4.972058009999991590e+00 3.375402993999995971e+01 2.114352929999995911e+00 1.097750880999998024e+01 1.466664398999998653e+01 3.291939568999995203e+01 3.183124982999996178e+01 1.212882223999998743e+01 8.959333099999982508e+00 4.538606383999992744e+01 4.923627880999995199e+01 3.086852698999995681e+01 2.562735327999994794e+01 1.004418015999999092e+01 1.130404923999998346e+01 1.745968084999996250e+01 9.010035079999987317e+00 7.485670389999989993e+01 1.260181129999998362e+01 2.635917693999997979e+01 1.790972197999996141e+01 7.697311599999971943e-01 6.517177909999989360e+00 5.202763679999982571e+00 9.033750000000000113e-02 8.016719999999999749e-03 1.011597615999998467e+01 3.099250764999995056e+01 6.982629885999986641e+01 5.584863792999993137e+01 4.728663290999993762e+01 3.850635410999993979e+01 4.389906490999992883e+01 4.068229286999994088e+01 2.505387375999995925e+01 2.440863002999993725e+01 1.176298382999997827e+01 1.428037369999998196e+00 3.275618349999993573e+00 8.955076606999979560e+01
6.619245149999992250e+00 1.414962747999997816e+01 1.397982508999996476e+01 1.039307471999997468e+01 1.270069203999997853e+01 9.871809049999987096e+00 2.654609933999995519e+01 1.722565703999996600e+01 2.284474193999996317e+01 3.043236399999995001e+01 2.691297528999994881e+01 2.013648292999997125e+01 5.575422499999987025e+01 1.740519704999995554e+01 1.350734756999999675e+01 4.046430861999994022e+01 9.604905919999993102e+00 3.936993945999994082e+01 3.002607143999995998e+01 1.228645946399997797e+02 3.051062701999995497e+01 3.817960159999995273e+00 1.268467344399998069e+02 2.273147679399993990e+02 6.623221809999987109e+00 2.607985529999997443e+00 6.648504829999991372e+00 7.947026900000000449e-01 5.161246500000000736e-01 4.670100559999994516e+00 2.481309969999995424e+00 4.050277099999989971e+00 1.727695345999999077e+01 5.670913529999991098e+00 8.236974449999996395e+00 1.904594050999998700e+01 6.820941499999991109e+00 3.914548238999992691e+01 1.806569541999996176e+01 1.505764512999999205e+01 2.578281404999995630e+01 3.185658517999995354e+01 2.893104983999993252e+01 3.462717922999994613e+01 3.788228391999996347e+01 6.125377609999993922e+00 1.368173361999997617e+01 3.034841338999995841e+01 9.410414636999990989e+01 2.876013071999994963e+01 8.657004572999990444e+01 6.182346439999996335e+00 1.406125097999997564e+01 1.726660429999997248e+01 3.276267857999994249e+01 1.011446931999998178e+01 2.050171607999995160e+01 1.063451212999997786e+01 1.181680528999998714e+01 1.172042374999998415e+01 1.187144665999998061e+01 1.980482446999996071e+01 4.474851535999994212e+01 4.134976755999993259e+01 2.960513753999996212e+01 6.170527639999990654e+00 9.486953723999982913e+01 1.440116384899997684e+02 7.606965299999986385e+00 1.835887125999997238e+01 6.078242610999989637e+01
